Number= 164500
Name= ENNA
Country= ITALY
Lat=   37.6
Long=  -14.3
Height= -999
Start year= 1961
End year= 1970
First Good year= 1961
Source ID= 10
Source file= Jones
Jones data to= 1970
Normals= -99.0 -99.0 -99.0 -99.0 -99.0 -99.0 -99.0 -99.0 -99.0 -99.0 -99.0 -99.0 
Obs:
1961   4.1   5.2   7.9  11.2  15.1  18.9  20.7  20.7  18.9  14.1  11.2   6.9 
1962   6.4   4.4   5.7   9.3  15.7  18.3  23.9  24.3  19.3  13.8   8.3   3.9 
1963   3.1   3.0   5.5   9.2  11.9  18.3  22.0  22.4  17.7  11.9  11.7   7.6 
1964   3.2   4.1   6.5   8.8  14.3  19.3  20.1  19.8  16.6  12.3   9.3   5.2 
1965   3.9   1.1   5.5   6.9  13.6  19.3  24.4  19.7  17.0  12.6   9.6   6.6 
1966   3.7   7.8   4.4   9.5  12.1  19.4  20.7  22.5  17.9  14.3   6.9   4.3 
1967   3.6   4.8   6.8   7.5  15.3  16.5  22.2  23.5  17.8  15.8  10.9   4.9 
1968   3.1   6.8   6.8  11.9  15.8  17.9  22.0  20.4  17.9  13.5   9.3   5.6 
1969   3.6   3.6   5.4   7.7  14.7  16.1  19.0  19.6  17.5  11.7  10.3   4.5 
1970   6.2   5.5   6.4   9.0  11.6  18.0  19.8  22.2  19.0  13.2  11.0   8.1 
